[495,22]
[528,150]
[544,219]
[608,141]
[505,63]
[386,38]
[467,62]
[637,111]
[520,88]
[478,54]
[522,27]
[490,80]
[535,140]
[659,56]
[503,75]
[495,148]
[572,274]
[515,344]
[483,146]
[496,146]
[456,6]
[538,111]
[506,200]
[479,135]
[456,132]
[558,58]
[502,203]
[423,64]
[667,242]
[522,22]
[407,169]
[507,174]
[496,147]
[326,77]
[384,43]
[574,135]
[433,339]
[553,38]
[452,44]
[653,177]
[431,109]
[379,122]
[501,59]
[509,54]
[523,53]
[523,1]
[496,146]
[344,62]
[510,229]
[449,41]
[661,94]
[496,146]
[463,36]
[512,92]
[520,160]
[637,111]
[475,103]
[604,125]
[496,146]
[533,122]
[344,150]
[376,300]
[451,53]
[542,386]
[496,146]
[596,143]
[618,124]
[624,150]
[496,96]
[435,169]
[666,69]
[558,98]
[522,109]
[540,59]
[595,148]
[452,153]
[565,85]
[527,38]
[457,85]
[352,111]
[438,27]
[634,106]
[540,137]
[485,38]
[401,43]
[357,164]
[525,444]
[368,158]
[444,54]
[548,25]
[528,222]
[302,299]
[503,140]
[391,132]
[528,75]
[470,30]
[547,93]
[575,103]
[614,90]
[501,33]
[529,164]
[582,101]
[519,111]
[509,56]
[494,38]
[580,324]
[545,106]
[427,69]
[521,90]
[386,151]
[496,146]
[579,143]
[603,93]
[483,93]
[496,146]
[420,158]
[553,156]
[474,48]
[564,151]
[393,363]
[565,161]
[664,140]
[443,30]
[580,135]
[483,318]
[321,111]
[369,310]
[519,177]
[551,161]
[642,232]
[406,90]
[559,61]
[541,114]
[569,93]
[530,150]
[460,56]
[470,30]
[424,140]
[496,146]
[496,146]
[496,146]
[496,146]
[496,146]
[470,315]
[499,67]
[522,195]
[496,146]
[527,342]
[517,245]
[487,103]
[496,146]
[496,146]
[496,146]
[496,146]
[496,146]
[496,146]
[496,146]
[496,146]
[454,82]
[454,53]
[501,56]
[619,53]
[553,51]
[352,169]
[508,140]
[360,88]
[593,132]
[487,111]
[533,391]
[457,43]
[496,146]
[396,196]
[496,146]
[496,146]
[496,146]
[496,146]
[496,146]
[496,146]
[496,146]
[666,90]
[569,184]
[524,95]
[522,161]
[466,111]
[482,121]
[466,132]
[514,163]
[582,38]
[443,114]
[496,146]
[513,148]
[496,146]
[496,146]
